%MatrixMarket matrix array real general
100 100
1         0.2656440137
2         0.9339401794
3         0.3898341249
4         0.6830654088
5         0.2750097924
6         0.0279577318
7         0.9406131532
8         0.5339703265
9         0.6711732974
10         0.6075349901
11         0.7508732633
12         0.9813221145
13         0.7276696522
14         0.8573211818
15         0.9918428386
16         0.7594604016
17         0.1460410248
18         0.3263052560
19         0.0287861049
20         0.6945509648
21         0.9587569220
22         0.7290470897
23         0.7367542067
24         0.1746106330
25         0.3554095470
26         0.5746494480
27         0.4599452731
28         0.8337247920
29         0.8154440058
30         0.3239517442
31         0.4616844965
32         0.6739592178
33         0.5952264734
34         0.1343872983
35         0.0194917927
36         0.1251084522
37         0.2232760330
38         0.4491374912
39         0.5345315538
40         0.9903899836
41         0.7173471864
42         0.9800574803
43         0.0537377978
44         0.6368741862
45         0.9603819000
46         0.2699231015
47         0.9494074590
48         0.9022342602
49         0.1946484193
50         0.7339515181
51         0.1748612256
52         0.1051410515
53         0.3141126680
54         0.3487656606
55         0.3989622704
56         0.2839174547
57         0.3139119117
58         0.7182797959
59         0.9446467287
60         0.0877887732
61         0.2795343999
62         0.5961591797
63         0.8284345872
64         0.7821525379
65         0.5572387299
66         0.0362763903
67         0.6693717742
68         0.8489884984
69         0.0654645716
70         0.3607656306
71         0.2580512487
72         0.4325965368
73         0.3060709080
74         0.9665885966
75         0.1299329516
76         0.2174361577
77         0.8933937816
78         0.6217061022
79         0.3981623771
80         0.3560893794
81         0.6465730918
82         0.7330912255
83         0.7317010947
84         0.9581755377
85         0.0459544529
86         0.4243611716
87         0.0090174583
88         0.7038051874
89         0.7808923674
90         0.5648402353
91         0.0232952358
92         0.0075639172
93         0.9889688319
94         0.2016471533
95         0.8233382288
96         0.3609502692
97         0.4612529815
98         0.1100450464
99         0.7812616542
100         0.4534435614
