%MatrixMarket matrix array complex general
100 100 100
1         0.2971024508          0.6503781934
2         0.3584003765          0.6276473463
3         0.4824360388          0.6465633313
4         0.4312248169          0.0621331287
5         0.6988225524          0.9381966459
6         0.6750664880          0.8987164376
7         0.0068709918          0.6948591629
8         0.0789897231          0.3104061712
9         0.4606266204          0.3435456056
10         0.7775362815          0.0762294431
11         0.8167639691          0.5198369406
12         0.6313880440          0.6087773215
13         0.3648761095          0.7271599604
14         0.8874981379          0.0000739336
15         0.2509268265          0.1697662688
16         0.0661190345          0.4632910236
17         0.7271511791          0.3618521513
18         0.7667975325          0.9520656146
19         0.8983257064          0.9321933592
20         0.7668254390          0.9580686608
21         0.9468834489          0.2065384204
22         0.5357332291          0.1597007341
23         0.9597807794          0.5717605670
24         0.9781883316          0.5929191915
25         0.5221001936          0.6986107499
26         0.8453600948          0.3058134641
27         0.8980265067          0.3938513411
28         0.9312287242          0.3368858261
29         0.4576396310          0.1289930413
30         0.7591615683          0.0869363561
31         0.9387958521          0.5489433488
32         0.8107007110          0.3177332451
33         0.9303919555          0.9927475761
34         0.4469572991          0.7235652534
35         0.8338860658          0.5721013901
36         0.9877811243          0.7172271716
37         0.3696394308          0.9765592277
38         0.1707669848          0.4269905582
39         0.8231654108          0.9130137711
40         0.5870572722          0.8973112543
41         0.9616116287          0.8352285675
42         0.4891293202          0.0479581714
43         0.2535227805          0.3592805694
44         0.6782241269          0.2957538961
45         0.9144917821          0.6291256182
46         0.6170747901          0.1361838017
47         0.3224987392          0.3740458013
48         0.4905119299          0.8647816982
49         0.4074553424          0.2502735919
50         0.0839396236          0.0295055786
51         0.5919595245          0.9994489714
52         0.8790154786          0.6051426751
53         0.5533078614          0.2441951219
54         0.2994710686          0.4381952716
55         0.8970083157          0.7350935671
56         0.7943063062          0.5579890922
57         0.7758124554          0.4383393895
58         0.5989682965          0.6035417636
59         0.5572210231          0.1809988144
60         0.2997076321          0.8087861391
61         0.5476572544          0.8190584298
62         0.9918298295          0.4872357183
63         0.4834129705          0.7550503973
64         0.6847736962          0.4043725327
65         0.4800168312          0.7256763044
66         0.7465207748          0.1540085801
67         0.2114224303          0.5090732790
68         0.2484867265          0.6680355935
69         0.0978390796          0.1525756529
70         0.7086704345          0.0626960142
71         0.8557459193          0.3371148828
72         0.7890342499          0.4459439805
73         0.7428425498          0.7576484675
74         0.1045221152          0.1305335790
75         0.5208749093          0.9015118358
76         0.8466324653          0.2203382404
77         0.8436131507          0.3785507374
78         0.3777472977          0.4227558884
79         0.2720953615          0.9726862001
80         0.1253039243          0.1770160435
81         0.6913525393          0.8822765107
82         0.5551311640          0.5512573505
83         0.0084742319          0.3214919077
84         0.4160318072          0.8998456012
85         0.4391182054          0.5421117204
86         0.7843606450          0.4628892562
87         0.8299974911          0.8079749279
88         0.5896064385          0.3608182415
89         0.1420740383          0.9710029798
90         0.5933133837          0.5555173244
91         0.7261927993          0.7698197028
92         0.4283803581          0.6801210191
93         0.2107920560          0.2051995510
94         0.2653842684          0.8346229331
95         0.9931837552          0.8654670297
96         0.4807563695          0.0415207827
97         0.8277501319          0.6141930253
98         0.6032382658          0.2732802312
99         0.8178416811          0.7467069171
100         0.9555471705          0.4878719467
